1001
1002
1003
1004
1006
1007
1009
1010
1011
1014
1015
1017
1018
1019
1020
1021
1022
1025
1026
1027
1030
1031
1032
1034
1035
1036
1038
1039
1040
1041
1042
1043
1044
1045
1046
1047
1048
1050
1051
1052
1054
1057
1059
1061
1062
1063
1064
1065
1066
1067
1069
1070
1072
1073
1074
1076
1077
1078
1079
1082
1084
1085
1087
1088
1091
1092
1094
1097
1098
1099
1101
1102
1103
1105
1107
1109
1110
1111
1114
1117
1118
1120
1124
1125
1126
1127
1128
1129
1130
1134
1139
1140
1141
1142
1143
1145
1151
1152
1154
1155
1156
1157
1158
1160
1161
1163
1164
1165
1166
1167
1168
1169
1170
1171
1172
1173
1175
1177
1178
1181
1182
1183
1184
1185
1186
1187
1188
1189
1190
1192
1193
1194
1195
1197
1199
1201
1202
1204
1205
1206
1207
1208
1210
1211
1213
1214
1216
1217
1218
1219
1220
1221
1224
1228
1229
1231
1233
1234
1236
1237
1238
1239
1241
1245
1246
1247
1248
1249
1250
1251
1252
1254
1256
1257
1258
1260
1261
1263
1264
1265
1268
1269
1272
1273
1275
1276
1278
1280
1281
1282
1285
1286
1287
1288
1289
1290
1292
1294
1296
1297
1298
1299
1300
1303
1304
1305
1306
1307
1308
1311
1312
1313
1316
1317
1318
1319
1320
1321
1322
1323
1324
1325
1326
1327
1328
1330
1332
1334
1335
1336
1337
1338
1339
1340
1341
1342
1343
1346
1347
1348
1349
1351
1352
1353
1354
1356
1358
1359
1360
1361
1362
1363
1364
1365
1366
1367
1368
1370
1371
1372
1374
1376
1378
1379
1381
1382
1383
1385
1386
1387
1388
1389
1391
1394
1395
1396
1397
1399
1400
1402
1403
1404
1406
1407
1409
1411
1412
1413
1415
1416
1417
1418
1419
1421
1422
1424
1425
1426
1428
1429
1430
1432
1433
1435
1437
1440
1441
1442
1443
1444
1445
1446
1448
1455
1456
1457
1458
1459
1461
1462
1463
1464
1466
1467
1468
1469
1470
1474
1475
1476
1477
1479
1480
1481
1484
1485
1486
1487
1488
1491
1492
1493
1494
1495
1496
1498
1499
1500
1501
1502
1504
1505
1506
1508
1510
1511
1513
1514
1515
1519
1520
1523
1525
1527
1528
1529
1530
1531
1532
1533
1535
1536
1537
1539
1540
1541
1543
1544
1545
1546
1548
1549
1550
1555
1556
1557
1558
1559
1560
1561
1563
1564
1565
1566
1567
1570
1571
1572
1573
1574
1575
1578
1579
1580
1583
1587
1589
1593
1596
1599
1600
1601
1602
1603
1604
1605
1606
1607
1608
1609
1610
1611
1612
1613
1614
1615
1617
1618
1620
1623
1624
1626
1631
1632
1636
1637
1638
1641
1642
1644
1646
1647
1649
1650
1651
1652
1653
1656
1658
1661
1662
1663
1665
1667
1669
1670
1671
1673
1674
1675
1676
1678
1681
1682
1683
1686
1687
1690
1691
1692
1693
1694
1695
1697
1698
1699
1702
1703
1704
1706
1709
1710
1711
1712
1713
1716
1717
1718
1719
1720
1723
1725
1727
1728
1729
1734
1735
1736
1737
1738
1739
1742
1743
1744
1746
1747
1750
1751
1752
1756
1757
1759
1761
1763
1766
1767
1769
1770
1771
1772
1773
1777
1778
1779
1781
1784
1785
1787
1790
1791
1792
1793
1794
1797
1799
1800
1803
1804
1805
1806
1807
1808
1809
1810
1811
1812
1814
1815
1816
1817
1819
1822
1823
1825
1827
1828
1829
1830
1832
1835
1839
1840
1842
1844
1845
1846
1847
1848
1850
1852
1853
1854
1855
1856
1857
1858
1859
1860
1861
1862
1863
1864
1867
1870
1873
1874
1876
1877
1878
1880
1882
1884
1885
1886
1887
1889
1890
1892
1894
1896
1899
1903
1907
1910
1916
1918
1919
1920
1921
1924
1925
1928
1929
1930
1933
1937
1938
1939
1940
1942
1944
1945
1946
1947
1952
1955
1956
1957
1960
1961
1962
1967
1968
1969
1970
1971
1973
1974
1975
1979
1983
1985
1986
1988
1989
1990
1991
1993
1996
1998
1999
2000
2003
2004
2005
2007
2008
2009
2010
2015
2016
2017
2019
2022
2023
2024
2025
2026
2027
2028
2029
2030
2031
2033
2034
2035
2036
2039
2040
2041
2042
2044
2045
2046
2047
2048
2050
2051
2052
2054
2055
2056
2058
2059
2060
2062
2063
2066
2067
2069
2071
2072
2073
2074
2075
2078
2079
2080
2081
2082
2085
2087
2088
2089
2091
2093
2094
2097
2098
2102
2105
2106
2107
2108
2109
2110
2111
2112
2113
2114
2115
2118
2119
2123
2126
2127
2129
2130
2132
2134
2135
2136
2137
2138
2139
2140
2141
2144
2145
2149
2151
2152
2153
2154
2156
2158
2159
2160
2161
2162
2163
2166
2167
2170
2171
2172
2173
2175
2177
2178
2179
2181
2183
2184
2185
2187
2188
2189
2190
2191
2192
2194
2195
2196
2197
2199
2200
2201
2202
2203
2204
2205
2206
2207
2210
2211
2213
2216
2217
2218
2220
2221
2222
2223
2224
2225
2226
2227
2228
2229
2234
2236
2237
2238
2239
2240
2241
2242
2243
2245
2247
2249
2250
2251
2252
2253
2255
2256
2257
2259
2261
2264
2265
2266
2267
2269
2270
2271
2272
2273
2274
2275
2277
2281
2282
2283
2284
2285
2288
2289
2291
2292
2295
2299
2301
2304
2305
2307
2309
2311
2313
2315
2316
2317
2318
2319
2320
2321
2323
2324
2325
2326
2329
2330
2331
2333
2334
2335
2336
2339
2340
2343
2344
2345
2346
2347
2348
2350
2351
2352
2353
2354
2355
2356
2358
2361
2362
2364
2366
2367
2368
2369
2370
2371
2372
2373
2374
2375
2376
2377
2380
2382
2383
2384
2385
2388
2390
2391
2392
2393
2395
2397
2399
2400
2402
2403
2405
2406
2407
2409
2411
2412
2413
2416
2417
2421
2422
2425
2428
2432
2433
2434
2435
2439
2440
2442
2443
2444
2445
2446
2447
2448
2449
2450
2451
2452
2453
2454
2456
2457
2459
2460
2462
2463
2464
2465
2466
2467
2468
2469
2470
2471
2473
2476
2477
2481
2484
2486
2487
2488
2490
2491
2492
2493
2494
2495
2498
2503
2504
2505
2506
2507
2508
2510
2511
2513
2514
2515
2517
2518
2519
2520
2521
2523
2524
2527
2529
2530
2531
2533
2534
2535
2536
2537
2538
2539
2540
2541
2543
2544
2545
2549
2551
2553
2554
2555
2556
2558
2559
2560
2561
2562
2564
2566
2571
2572
2573
2574
2575
2577
2578
2580
2581
2582
2583
2585
2586
2587
2588
2589
2590
2591
2592
2593
2594
2595
2597
2599
2600
2601
2603
2604
2606
2607
2608
2609
2610
2611
2612
2614
2616
2618
2619
2620
2621
2622
2624
2627
2629
2630
2631
2633
2636
2637
2638
2639
2640
2641
2642
2645
2646
2647
2648
2650
2651
2652
2653
2654
2656
2658
2659
2662
2664
2666
2669
2671
2672
2674
2675
2676
2677
2678
2679
2680
2681
2682
2683
2684
2685
2686
2688
2689
2690
2692
2693
2694
2695
2696
2698
2699
2700
2701
2702
2703
2706
2707
2708
2710
2711
2712
2713
2714
2715
2717
2720
2723
2724
2725
2726
2727
2729
2730
2731
2732
2734
2737
2739
2741
2742
2743
2744
2745
2746
2747
2748
2749
2750
2752
2753
2754
2755
2756
2758
2764
2767
2769
2771
2772
2774
2780
2781
2782
2783
2785
2786
2788
2789
2790
2793
2794
2795
2796
2797
2798
2800
2801
2803
2804
2805
2806
2807
2809
2810
2812
2813
2818
2819
2820
2821
2822
2824
2825
2826
2827
2828
2829
2831
2834
2835
2836
2837
2838
2840
2843
2846
2848
2849
2853
2854
2858
2859
2861
2862
2863
2864
2865
2866
2867
2868
2871
2872
2874
2875
2877
2878
2879
2880
2882
2883
2887
2888
2890
2891
2893
2894
2895
2897
2898
2900
2901
2902
2903
2906
2907
2911
2912
2914
2917
2919
2920
2921
2923
2924
2925
2930
2933
2934
2935
2937
2938
2939
2940
2941
2942
2943
2944
2949
2950
2951
2954
2955
2956
2960
2963
2964
2965
2967
2968
2969
2971
2972
2974
2975
2976
2977
2978
2980
2981
2983
2984
2985
2986
2988
2990
2991
2993
2994
2996
2997
2998
2999
3001
3003
3006
3007
3008
3009
3010
3011
3012
3014
3015
3017
3018
3019
3020
3021
3022
3023
3024
3025
3026
3028
3029
3031
3032
3033
3034
3035
3036
3037
3038
3039
3040
3042
3044
3045
3048
3049
3050
3051
3053
3054
3055
3056
3057
3058
3059
3060
3062
3063
3064
3065
3066
3068
3069
3070
3072
3073
3075
3077
3079
3081
3082
3083
3086
3087
3088
3089
3091
3093
3094
3095
3096
3097
3098
3099
3102
3103
3104
3105
3106
3107
3108
3110
3111
3112
3115
3116
3117
3121
3123
3125
3127
3128
3129
3130
3132
3134
3135
3136
3137
3138
3139
3140
3141
3142
3143
3144
3145
3147
3148
3149
3150
3151
3154
3155
3156
3157
3158
3159
3160
3162
3163
3164
3165
3166
3167
3168
3169
3170
3172
3173
3175
3176
3178
3179
3181
3183
3184
3185
3186
3188
3189
3190
3191
3192
3193
3194
3196
3199
3201
3203
3205
3207
3208
3209
3211
3212
3214
3215
3216
3218
3221
3222
3223
3224
3226
3227
3228
3230
3232
3233
3234
3235
3236
3237
3239
3242
3243
3244
3246
3247
3248
3250
3251
3252
3254
3255
3256
3258
3259
3260
3262
3263
3265
3266
3267
3268
3269
3271
3273
3274
3275
3277
3278
3280
3281
3284
3285
3286
3287
3288
3289
3292
3295
3297
3299
3300
3301
3305
3306
3307
3309
3311
3314
3316
3318
3320
3321
3323
3324
3326
3327
3328
3329
3330
3331
3332
3333
3335
3336
3337
3341
3346
3347
3348
3349
3352
3353
3355
3357
3358
3360
3362
3363
3366
3370
3371
3372
3374
3378
3380
3381
3382
3383
3385
3386
3387
3390
3393
3395
3396
3397
3398
3399
3403
3405
3407
3408
3410
3411
3412
3413
3415
3419
3421
3424
3425
3426
3427
3428
3429
3430
3433
3434
3435
3438
3439
3442
3443
3444
3445
3446
3447
3448
3449
3451
3453
3454
3455
3456
3459
3460
3461
3462
3463
3464
3465
3466
3467
3469
3471
3472
3473
3475
3477
3478
3479
3487
3488
3490
3493
3494
3495
3496
3498
3499
3500
3502
3503
3504
3505
3506
3511
3512
3517
3518
3519
3520
3521
3522
3524
3525
3526
3527
3528
3529
3530
3531
3533
3534
3535
3536
3537
3538
3539
3540
3541
3542
3544
3545
3546
3547
3548
3550
3551
3552
3553
3554
3557
3558
3560
3563
3564
3565
3568
3573
3575
3577
3580
3582
3583
3585
3587
3589
3590
3591
3594
3596
3598
3599
3602
3603
3604
3605
3607
3608
3609
3610
3611
3612
3613
3614
3617
3618
3620
3623
3625
3626
3629
3631
3633
3634
3636
3638
3639
3640
3641
3642
3644
3647
3648
3650
3651
3652
3653
3654
3655
3656
3659
3661
3662
3665
3666
3667
3668
3670
3671
3672
3673
3676
3678
3680
3682
3684
3686
3687
3688
3689
3690
3691
3692
3693
3694
3695
3696
3697
3701
3703
3705
3706
3709
3711
3712
3713
3714
3715
3717
3718
3720
3722
3723
3725
3726
3728
3729
3730
3731
3732
3733
3734
3736
3737
3739
3740
3741
3742
3744
3745
3747
3748
3750
3751
3752
3754
3755
3756
3761
3763
3764
3765
3766
3767
3768
3771
3772
3774
3775
3776
3777
3778
3779
3780
3781
3783
3784
3786
3787
3789
3790
3792
3793
3794
3795
3796
3798
3799
3800
3802
3803
3804
3808
3809
3810
3812
3815
3817
3818
3819
3821
3822
3824
3826
3828
3829
3830
3831
3833
3834
3835
3836
3838
3839
3840
3841
3843
3844
3845
3846
3847
3849
3851
3852
3853
3857
3858
3860
3861
3864
3865
3866
3868
3870
3872
3874
3875
3876
3881
3882
3886
3888
3891
3893
3896
3897
3898
3901
3903
3904
3905
3906
3911
3912
3913
3914
3915
3917
3921
3922
3925
3927
3928
3929
3930
3931
3932
3933
3934
3935
3936
3937
3938
3940
3941
3943
3946
3950
3951
3952
3953
3954
3956
3957
3958
3959
3961
3962
3964
3966
3967
3968
3971
3973
3976
3977
3978
3979
3980
3981
3982
3983
3984
3985
3986
3987
3988
3990
3992
3994
3998
3999
4000
4001
4002
4003
4006
4007
4011
4012
4015
4017
4019
4020
4022
4023
4024
4025
4026
4028
4029
4031
4033
4036
4037
4038
4039
4040
4041
4042
4043
4044
4046
4047
4049
4050
4051
4052
4054
4056
4057
4058
4059
4062
4063
4064
4067
4068
4071
4072
4073
4074
4077
4079
4080
4081
4082
4084
4085
4086
4087
4089
4090
4091
4092
4093
4094
4095
4096
4098
4101
4103
4104
4107
4109
4112
4113
4114
4115
4118
4119
4120
4121
4122
4124
4125
4127
4128
4130
4131
4132
4133
4135
4136
4137
4140
4141
4143
4147
4148
4149
4150
4153
4155
4157
4158
4160
4161
4162
4163
4167
4169
4170
4172
4176
4177
4178
4179
4180
4181
4182
4183
4184
4186
4187
4189
4194
4195
4196
4198
4200
4201
4203
4204
4205
4207
4208
4209
4210
4212
4215
4217
4218
4219
4220
4222
4223
4226
4228
4229
4230
4231
4233
4235
4236
4237
4238
4239
4242
4243
4244
4246
4248
4251
4253
4255
4256
4257
4258
4259
4260
4261
4262
4264
4266
4268
4269
4270
4271
4272
4273
4276
4277
4278
4280
4283
4285
4287
4289
4291
4292
4293
4295
4296
4302
4303
4304
4305
4306
4307
4308
4309
4310
4311
4312
4313
4314
4315
4317
4318
4319
4320
4321
4322
4324
4327
4328
4329
4330
4331
4332
4333
4336
4337
4338
4339
4341
4342
4344
4345
4348
4349
4350
4351
4352
4353
4354
4356
4357
4360
4363
4364
4365
4366
4367
4368
4369
4370
4371
4372
4373
4376
4377
4378
4379
4380
4381
4382
4384
4385
4386
4390
4391
4392
4393
4396
4397
4401
4402
4403
4404
4406
4407
4408
4409
4410
4411
4412
4415
4416
4420
4421
4423
4426
4427
4429
4430
4431
4432
4433
4434
4436
4437
4441
4442
4443
4444
4445
4446
4449
4451
4452
4453
4455
4457
4458
4459
4460
4462
4463
4464
4465
4466
4467
4468
4470
4471
4472
4473
4474
4475
4477
4478
4479
4480
4481
4483
4484
4485
4487
4490
4491
4493
4494
4496
4497
4499
4500
4501
4505
4506
4508
4509
4510
4511
4513
4514
4516
4517
4518
4520
4521
4522
4523
4526
4527
4528
4529
4530
4531
4532
4534
4535
4537
4540
4541
4542
4543
4545
4546
4550
4551
4552
4553
4554
4557
4559
4560
4561
4562
4566
4568
4570
4571
4572
4573
4576
4577
4578
4582
4583
4584
4585
4586
4587
4589
4591
4592
4593
4594
4596
4597
4598
4599
4600
4602
4603
4605
4606
4609
4610
4611
4612
4614
4616
4617
4618
4622
4628
4636
4637
4639
4640
4641
4643
4644
4646
4647
4649
4650
4653
4655
4656
4659
4660
4662
4664
4665
4668
4669
4670
4673
4674
4675
4676
4677
4678
4679
4680
4681
4682
4684
4686
4688
4690
4693
4694
4695
4696
4697
4699
4700
4702
4703
4710
4711
4712
4713
4714
4715
4716
4717
4718
4719
4722
4723
4724
4726
4727
4728
4729
4731
4732
4733
4734
4736
4737
4738
4742
4743
4744
4746
4747
4748
4749
4750
4752
4754
4755
4757
4758
4759
4760
4761
4763
4766
4767
4768
4769
4770
4771
4772
4773
4775
4776
4777
4778
4779
4780
4781
4783
4785
4787
4788
4789
4790
4791
4795
4796
4798
4799
4802
4803
4804
4806
4807
4808
4810
4812
4813
4815
4818
4819
4820
4821
4822
4824
4827
4828
4829
4831
4832
4833
4836
4838
4840
4842
4843
4845
4847
4848
4852
4853
4854
4855
4860
4862
4863
4864
4866
4871
4873
4876
4877
4878
4879
4880
4882
4885
4886
4887
4888
4889
4890
4893
4894
4896
4898
4899
4900
4903
4905
4907
4909
4910
4911
4912
4913
4914
4915
4916
4917
4920
4921
4923
4924
4925
4926
4930
4931
4932
4933
4934
4935
4936
4937
4938
4939
4940
4941
4942
4945
4946
4947
4948
4949
4950
4951
4952
4953
4954
4956
4957
4958
4960
4961
4962
4963
4964
4965
4966
4967
4968
4969
4971
4973
4975
4976
4977
4979
4980
4984
4986
4988
4992
4994
4996
4997
4998
4999
5001
5002
5004
5005
5006
5007
5008
5010
5011
5012
5013
5014
5015
5018
5019
5020
5022
5023
5024
5025
5026
5027
5030
5031
5032
5035
5036
5037
5038
5040
5042
5043
5044
5045
5046
5047
5048
5052
5053
5054
5055
5056
5057
5058
5059
5062
5063
5064
5065
5066
5067
5069
5070
5071
5074
5075
5077
5078
5079
5080
5082
5083
5086
5087
5088
5089
5091
5092
5093
5094
5096
5097
5098
5099
5100
5101
5102
5103
5104
5105
5106
5107
5108
5110
5111
5114
5115
5118
5119
5120
5121
5122
5123
5124
5125
5129
5130
5132
5134
5139
5140
5141
5142
5144
5145
5148
5149
5150
5151
5153
5154
5155
5156
5157
5158
5162
5163
5164
5166
5167
5168
5169
5170
5171
5174
5176
5177
5178
5180
5181
5182
5183
5184
5185
5189
5190
5192
5193
5194
5195
5197
5198
5199
5201
5202
5204
5205
5206
5207
5209
5211
5212
5214
5215
5216
5217
5218
5219
5220
5222
5224
5226
5227
5228
5229
5230
5231
5235
5236
5237
5238
5239
5240
5242
5243
5248
5249
5251
5252
5253
5254
5255
5257
5260
5261
5262
5265
5268
5271
5272
5273
5274
5276
5277
5279
5280
5281
5282
5283
5284
5286
5287
5288
5289
5291
5294
5295
5296
5299
5302
5303
5305
5306
5307
5308
5309
5310
5311
5312
5314
5316
5318
5319
5321
5324
5325
5332
5333
5337
5338
5339
5340
5343
5344
5346
5347
5348
5350
5351
5353
5354
5356
5357
5358
5359
5360
5362
5363
5366
5368
5369
5372
5373
5374
5375
5378
5380
5381
5383
5388
5389
5390
5391
5392
5393
5395
5398
5399
5400
5401
5402
5403
5404
5405
5406
5407
5410
5411
5414
5415
5416
5417
5419
5421
5422
5424
5425
5427
5428
5430
5431
5432
5433
5434
5438
5439
5441
5442
5443
5445
5447
5449
5451
5452
5454
5455
5456
5457
5458
5459
5460
5464
5465
5467
5468
5469
5470
5471
5472
5473
5474
5477
5478
5479
5481
5483
5484
5486
5487
5489
5490
5491
5492
5493
5495
5496
5498
5500
5502
5503
5504
5505
5510
5512
5513
5514
5515
5517
5518
5519
5520
5524
5525
5527
5528
5529
5530
5531
5532
5534
5535
5536
5538
5539
5542
5544
5545
5546
5547
5549
5550
5551
5555
5556
5557
5558
5559
5560
5561
5562
5563
5564
5565
5567
5568
5569
5571
5572
5575
5576
5577
5578
5580
5581
5584
5585
5586
5587
5588
5590
5592
5593
5594
5595
5597
5598
5599
5600
5601
5602
5603
5605
5606
5607
5610
5612
5613
5615
5616
5619
5622
5624
5625
5626
5631
5633
5634
5635
5637
5638
5639
5643
5644
5646
5647
5648
5649
5652
5653
5654
5655
5656
5659
5662
5663
5664
5666
5668
5671
5672
5673
5674
5675
5676
5677
5679
5680
5681
5682
5683
5684
5685
5686
5687
5688
5689
5691
5693
5695
5696
5697
5698
5699
5702
5704
5705
5706
5707
5708
5709
5710
5711
5716
5719
5720
5721
5725
5726
5727
5728
5729
5730
5732
5733
5734
5735
5736
5737
5738
5740
5741
5742
5743
5744
5745
5746
5747
5749
5750
5754
5755
5756
5758
5761
5762
5763
5764
5765
5766
5767
5768
5769
5770
5771
5772
5773
5774
5776
5777
5779
5780
5781
5786
5788
5790
5792
5794
5796
5798
5799
5801
5802
5804
5805
5807
5811
5812
5814
5815
5816
5817
5822
5823
5824
5825
5826
5827
5828
5829
5831
5832
5834
5835
5838
5839
5840
5841
5842
5843
5845
5850
5851
5852
5854
5855
5857
5858
5859
5860
5864
5867
5868
5870
5871
5872
5874
5875
5876
5877
5878
5879
5880
5881
5883
5885
5887
5889
5891
5892
5894
5895
5896
5898
5899
5901
5902
5903
5904
5905
5906
5907
5908
5911
5912
5913
5914
5915
5916
5917
5920
5921
5923
5924
5925
5926
5928
5929
5931
5932
5933
5934
5935
5936
5937
5938
5939
5940
5941
5942
5943
5944
5946
5949
5950
5953
5959
5960
5965
5966
5967
5968
5969
5974
5976
5977
5979
5980
5981
5982
5983
5985
5988
5989
5990
5991
5993
5994
5995
5996
5997
5998
5999
6000
6001
6002
6003
6004
6005
6007
6008
6010
6012
6014
6015
6016
6017
6018
6019
6021
6022
6024
6026
6028
6029
6030
6031
6032
6033
6034
6036
6039
6040
6042
6043
6044
6046
6047
6049
6051
6053
6055
6057
6058
6059
6061
6062
6065
6066
6067
6068
6069
6070
6071
6072
6073
6074
6077
6078
6079
6081
6082
6084
6085
6087
6088
6091
6093
6094
6095
6096
6097
6098
6099
6100
6101
6102
6103
6104
6105
6106
6108
6109
6110
6111
6112
6113
6114
6115
6118
6119
6120
6122
6125
6126
6127
6128
6130
6131
6133
6136
6137
6138
6139
6140
6141
6142
6143
6144
6145
6146
6147
6150
6151
6155
6156
6157
6161
6162
6164
6165
6166
6167
6169
6171
6172
6173
6174
6175
6178
6179
6180
6181
6183
6184
6186
6190
6191
6193
6195
6196
6198
6199
6200
6201
6202
6203
6205
6206
6207
6208
6212
6215
6216
6217
6219
6220
6221
6222
6223
6224
6225
6226
6227
6228
6229
6230
6231
6233
6234
6235
6237
6238
6239
6240
6242
6243
6244
6246
6247
6249
6250
6252
6254
6255
6257
6258
6260
6262
6263
6264
6265
6268
6270
6271
6272
6274
6276
6277
6278
6280
6281
6282
6284
6285
6286
6287
6288
6289
6290
6291
6292
6297
6299
6302
6303
6304
6308
6309
6310
6311
6313
6315
6316
6318
6321
6322
6323
6326
6327
6328
6330
6331
6334
6335
6336
6337
6338
6339
6340
6341
6342
6343
6344
6348
6349
6350
6351
6352
6353
6355
6356
6357
6359
6360
6361
6362
6364
6366
6367
6368
6369
6370
6371
6373
6374
6375
6376
6379
6380
6383
6384
6386
6388
6390
6393
6394
6395
6396
6397
6399
6400
6401
6402
6403
6404
6405
6406
6408
6410
6413
6414
6415
6416
6419
6420
6421
6422
6424
6426
6428
6429
6430
6431
6432
6436
6438
6441
6442
6443
6444
6446
6447
6450
6452
6454
6455
6456
6457
6458
6460
6461
6462
6463
6465
6466
6470
6471
6473
6475
6478
6479
6480
6483
6484
6486
6487
6488
6489
6490
6491
6496
6497
6498
6500
6501
6503
6505
6506
6507
6511
6512
6514
6515
6516
6517
6518
6519
6520
6523
6524
6526
6527
6529
6530
6532
6533
6534
6535
6536
6537
6539
6540
6541
6543
6545
6546
6548
6549
6550
6552
6554
6555
6556
6557
6558
6559
6560
6561
6562
6563
6565
6566
6567
6568
6569
6570
6571
6572
6574
6575
6576
6577
6578
6580
6582
6583
6585
6586
6588
6590
6592
6593
6594
6596
6600
6601
6602
6605
6608
6611
6612
6613
6614
6615
6617
6619
6620
6621
6622
6623
6624
6625
6627
6628
6629
6630
6631
6632
6633
6634
6635
6636
6638
6639
6640
6641
6642
6643
6645
6648
6649
6650
6651
6657
6660
6661
6662
6664
6667
6669
6670
6671
6672
6674
6675
6677
6679
6680
6682
6683
6684
6685
6686
6687
6688
6689
6690
6691
6692
6693
6694
6696
6697
6699
6700
6701
6703
6704
6706
6707
6708
6710
6711
6712
6713
6714
6715
6716
6718
6719
6720
6723
6724
6725
6727
6729
6730
6733
6735
6736
6737
6738
6741
6743
6744
6746
6748
6750
6752
6753
6757
6758
6759
6760
6761
6762
6763
6765
6766
6767
6769
6770
6772
6773
6774
6775
6776
6778
6781
6782
6784
6785
6788
6789
6790
6791
6792
6794
6796
6797
6798
6799
6801
6803
6805
6807
6808
6811
6815
6816
6818
6819
6820
6821
6822
6823
6824
6825
6827
6830
6831
6833
6834
6835
6836
6837
6839
6840
6841
6842
6843
6845
6846
6847
6848
6849
6850
6851
6853
6854
6855
6856
6857
6858
6859
6860
6861
6865
6870
6872
6874
6875
6877
6878
6881
6883
6885
6886
6888
6889
6891
6893
6894
6897
6899
6902
6903
6904
6905
6907
6908
6909
6910
6912
6913
6914
6917
6918
6919
6920
6921
6923
6924
6926
6927
6928
6929
6930
6931
6932
6933
6935
6938
6939
6943
6947
6948
6949
6950
6953
6954
6955
6956
6957
6958
6959
6960
6964
6966
6967
6968
6969
6970
6971
6972
6973
6976
6977
6978
6980
6981
6982
6983
6986
6988
6989
6991
6992
6993
6995
6996
6997
7000
7002
7003
7004
7005
7006
7007
7008
7010
7011
7012
7014
7015
7016
7017
7019
7020
7021
7022
7023
7024
7025
7026
7027
7035
7036
7038
7039
7040
7041
7044
7045
7047
7048
7051
7052
7053
7054
7055
7058
7059
7061
7062
7064
7066
7067
7068
7071
7072
7073
7074
7075
7076
7077
7078
7080
7081
7082
7084
7085
7086
7087
7088
7089
7091
7093
7094
7095
7096
7097
7098
7100
7102
7104
7105
7106
7107
7108
7109
7110
7111
7112
7113
7115
7118
7119
7122
7123
7125
7127
7128
7131
7132
7133
7134
7135
7136
7137
7138
7139
7141
7143
7144
7147
7148
7149
7151
7152
7153
7154
7155
7156
7157
7158
7159
7161
7163
7165
7166
7167
7168
7169
7170
7171
7174
7175
7176
7177
7178
7179
7181
7182
7186
7187
7188
7189
7192
7193
7194
7196
7198
7200
7202
7203
7204
7205
7206
7207
7209
7210
7213
7214
7215
7217
7219
7220
7221
7222
7223
7224
7226
7227
7228
7229
7230
7231
7232
7234
7235
7236
7239
7240
7241
7244
7246
7247
7248
7249
7251
7252
7253
7254
7255
7258
7260
7261
7262
7263
7264
7265
7267
7268
7269
7271
7272
7273
7274
7275
7276
7277
7278
7279
7280
7281
7283
7284
7285
7288
7289
7291
7292
7293
7294
7296
7297
7298
7299
7300
7302
7303
7304
7309
7310
7311
7314
7315
7317
7319
7320
7321
7322
7323
7324
7325
7326
7327
7328
7329
7330
7331
7332
7333
7334
7335
7336
7337
7338
7339
7340
7341
7343
7345
7346
7347
7348
7350
7353
7354
7355
7357
7358
7359
7360
7361
7363
7366
7369
7370
7371
7372
7373
7374
7377
7378
7380
7381
7382
7383
7384
7385
7386
7387
7388
7389
7390
7391
7393
7395
7396
7398
7399
7400
7401
7403
7404
7406
7407
7408
7410
7412
7414
7415
7416
7417
7418
7419
7420
7422
7423
7425
7427
7428
7429
7430
7431
7432
7433
7434
7435
7441
7443
7444
7446
7447
7448
7449
7450
7452
7453
7454
7455
7456
7457
7459
7461
7462
7465
7466
7468
7469
7472
7474
7475
7476
7479
7480
7481
7482
7484
7488
7491
7493
7494
7495
7496
7497
7498
7500
7502
7504
7505
7506
7508
7509
7510
7511
7512
7513
7514
7517
7519
7520
7521
7526
7527
7528
7529
7531
7533
7535
7536
7537
7539
7540
7541
7545
7546
7547
7548
7549
7550
7553
7554
7555
7556
7557
7558
7559
7560
7561
7562
7567
7572
7575
7577
7580
7581
7582
7584
7585
7586
7587
7588
7589
7590
7591
7592
7593
7595
7596
7597
7598
7599
7600
7601
7603
7604
7605
7606
7607
7609
7610
7611
7613
7617
7618
7619
7620
7622
7623
7626
7629
7630
7631
7632
7633
7634
7635
7636
7637
7638
7639
7640
7644
7645
7646
7647
7650
7651
7652
7654
7655
7657
7658
7659
7663
7664
7665
7666
7667
7669
7670
7671
7673
7674
7675
7676
7677
7678
7679
7681
7683
7684
7685
7690
7691
7692
7693
7694
7695
7696
7697
7698
7701
7702
7704
7706
7707
7708
7711
7712
7713
7715
7716
7717
7718
7719
7721
7723
7724
7725
7726
7727
7728
7729
7730
7731
7732
7733
7734
7736
7738
7739
7740
7742
7745
7746
7747
7749
7750
7752
7753
7757
7758
7759
7760
7761
7762
7763
7764
7765
7766
7768
7769
7770
7771
7772
7773
7774
7775
7780
7781
7782
7783
7784
7785
7786
7787
7788
7789
7790
7791
7792
7793
7795
7796
7797
7798
7800
7803
7805
7808
7809
7810
7812
7813
7815
7816
7817
7818
7819
7822
7823
7824
7825
7826
7827
7828
7829
7830
7831
7832
7833
7835
7836
7838
7839
7840
7841
7842
7843
7844
7845
7846
7847
7848
7849
7850
7851
7852
7854
7855
7857
7858
7861
7862
7864
7865
7869
7870
7872
7873
7874
7875
7876
7877
7878
7879
7882
7883
7884
7886
7887
7888
7889
7893
7894
7895
7897
7898
7899
7901
7902
7904
7908
7912
7913
7914
7916
7917
7919
7921
7922
7923
7924
7925
7926
7927
7928
7930
7931
7932
7933
7934
7935
7936
7939
7940
7941
7943
7945
7946
7947
7948
7949
7950
7952
7953
7954
7955
7957
7958
7960
7962
7963
7964
7965
7966
7967
7970
7971
7976
7977
7980
7981
7983
7986
7988
7990
7991
7992
7993
7994
7995
7996
7998
7999
8000
8001
8004
8007
8010
8012
8013
8014
8015
8016
8018
8019
8020
8021
8022
8023
8024
8025
8026
8027
8028
8029
8030
8033
8035
8036
8038
8039
8042
8044
8045
8047
8050
8051
8052
8053
8054
8056
8057
8058
8061
8062
8063
8064
8065
8066
8068
8071
8072
8075
8078
8082
8085
8086
8087
8088
8089
8090
8091
8092
8093
8094
8095
8096
8097
8101
8102
8103
8104
8107
8108
8109
8110
8111
8112
8113
8114
8115
8117
8118
8119
8120
8121
8122
8123
8125
8127
8128
8129
8132
8133
8135
8136
8137
8138
8139
8140
8143
8144
8145
8146
8147
8148
8149
8150
8153
8155
8156
8157
8158
8159
8160
8165
8167
8168
8170
8171
8172
8173
8174
8177
8181
8183
8184
8186
8187
8188
8191
8192
8193
8196
8197
8198
8199
8200
8201
8203
8205
8206
8207
8208
8209
8210
8212
8213
8214
8215
8217
8220
8222
8223
8224
8225
8230
8231
8232
8234
8235
8236
8237
8238
8241
8242
8244
8247
8249
8250
8251
8252
8254
8256
8258
8259
8260
8261
8262
8263
8265
8266
8267
8269
8270
8272
8273
8274
8278
8280
8281
8285
8286
8288
8289
8290
8293
8294
8295
8296
8297
8298
8301
8302
8303
8304
8305
8306
8307
8308
8311
8312
8313
8314
8317
8318
8319
8320
8321
8324
8325
8332
8333
8335
8337
8339
8340
8341
8343
8345
8346
8347
8348
8349
8351
8354
8355
8356
8357
8358
8359
8360
8361
8362
8363
8364
8365
8366
8368
8369
8372
8373
8374
8375
8377
8378
8382
8383
8384
8386
8390
8391
8392
8394
8395
8396
8397
8398
8399
8400
8403
8404
8406
8407
8408
8409
8410
8412
8414
8415
8417
8418
8419
8420
8421
8423
8425
8426
8427
8428
8429
8430
8432
8434
8435
8437
8438
8439
8440
8443
8444
8445
8447
8448
8449
8453
8454
8455
8457
8459
8461
8462
8463
8464
8466
8467
8469
8470
8471
8472
8474
8475
8476
8477
8478
8479
8481
8482
8483
8484
8485
8486
8487
8488
8490
8491
8493
8494
8495
8496
8497
8499
8500
8501
8502
8504
8506
8507
8508
8509
8510
8511
8512
8517
8518
8519
8520
8521
8522
8524
8525
8526
8527
8529
8531
8532
8533
8535
8540
8541
8544
8548
8549
8550
8551
8553
8554
8555
8557
8558
8561
8562
8563
8564
8566
8567
8569
8570
8571
8572
8574
8577
8578
8579
8580
8581
8583
8584
8588
8589
8590
8591
8592
8593
8594
8595
8596
8597
8598
8599
8600
8601
8602
8603
8606
8607
8609
8611
8612
8617
8619
8622
8623
8625
8626
8627
8631
8632
8634
8635
8636
8637
8639
8640
8642
8643
8644
8645
8646
8648
8649
8650
8651
8654
8655
8656
8657
8658
8659
8660
8661
8663
8664
8666
8667
8671
8672
8673
8674
8676
8677
8682
8683
8684
8685
8687
8688
8694
8695
8698
8700
8702
8704
8705
8706
8707
8708
8711
8713
8716
8717
8719
8720
8722
8723
8724
8726
8728
8731
8733
8734
8736
8737
8740
8742
8744
8746
8747
8750
8751
8752
8753
8755
8757
8761
8762
8763
8764
8766
8769
8770
8771
8772
8773
8774
8775
8776
8777
8778
8783
8784
8785
8786
8787
8788
8789
8790
8791
8793
8794
8795
8797
8799
8802
8803
8804
8805
8806
8808
8809
8811
8812
8814
8815
8816
8818
8819
8820
8822
8824
8825
8827
8829
8830
8832
8833
8834
8835
8837
8838
8839
8840
8842
8843
8844
8847
8848
8849
8854
8856
8857
8860
8861
8864
8867
8870
8871
8872
8874
8875
8876
8877
8879
8880
8882
8883
8884
8886
8887
8888
8890
8891
8892
8893
8894
8895
8896
8897
8898
8899
8900
8901
8902
8903
8904
8905
8906
8907
8908
8909
8911
8914
8915
8916
8917
8918
8920
8922
8923
8925
8926
8927
8929
8930
8931
8933
8935
8936
8938
8939
8940
8941
8943
8945
8946
8948
8949
8950
8951
8952
8953
8954
8955
8956
8959
8960
8961
8962
8963
8968
8969
8972
8973
8974
8975
8977
8978
8979
8980
8983
8985
8986
8987
8989
8991
8992
8994
8995
8996
8997
8998
9001
9002
9003
9004
9006
9008
9014
9016
9017
9020
9021
9023
9024
9027
9028
9029
9034
9035
9037
9040
9041
9042
9043
9044
9045
9046
9047
9048
9049
9051
9053
9054
9055
9056
9059
9060
9061
9062
9063
9065
9067
9068
9069
9070
9071
9072
9073
9074
9075
9076
9077
9078
9079
9081
9082
9084
9085
9086
9087
9090
9091
9092
9093
9094
9095
9096
9099
9101
9102
9103
9105
9106
9107
9108
9109
9110
9111
9114
9116
9117
9123
9125
9127
9129
9132
9133
9134
9136
9137
9138
9139
9141
9142
9143
9144
9146
9150
9151
9152
9153
9154
9155
9156
9157
9158
9161
9162
9163
9164
9165
9166
9168
9171
9173
9175
9176
9178
9181
9183
9184
9185
9187
9189
9192
9194
9197
9200
9201
9202
9203
9204
9206
9209
9210
9214
9215
9216
9217
9218
9223
9224
9225
9226
9228
9229
9230
9232
9235
9236
9237
9238
9239
9240
9241
9246
9248
9251
9252
9253
9254
9255
9257
9258
9259
9260
9262
9263
9264
9265
9266
9267
9268
9270
9271
9273
9274
9276
9277
9278
9283
9284
9285
9289
9290
9291
9292
9293
9294
9295
9296
9298
9299
9301
9302
9304
9305
9307
9309
9311
9312
9317
9318
9319
9320
9321
9324
9325
9326
9328
9329
9330
9332
9333
9334
9336
9337
9338
9339
9341
9342
9343
9344
9345
9348
9349
9350
9351
9352
9356
9357
9359
9362
9363
9364
9366
9371
9372
9376
9377
9379
9380
9381
9382
9384
9385
9386
9387
9388
9390
9391
9392
9393
9394
9397
9398
9399
9401
9405
9406
9408
9410
9411
9412
9413
9414
9418
9420
9421
9422
9425
9427
9428
9429
9430
9431
9432
9434
9435
9436
9438
9439
9440
9442
9443
9444
9445
9448
9449
9450
9451
9452
9453
9455
9457
9458
9459
9461
9463
9465
9468
9469
9470
9473
9474
9475
9476
9477
9479
9480
9481
9482
9484
9485
9486
9488
9489
9491
9493
9496
9497
9498
9499
9501
9503
9504
9506
9507
9508
9509
9510
9511
9512
9513
9514
9515
9516
9517
9518
9523
9524
9525
9526
9528
9529
9530
9531
9532
9533
9534
9536
9537
9538
9540
9541
9542
9543
9544
9546
9547
9548
9549
9550
9552
9553
9556
9558
9559
9560
9561
9563
9566
9567
9570
9571
9572
9573
9574
9575
9576
9577
9578
9579
9580
9581
9582
9583
9584
9585
9586
9587
9588
9589
9590
9591
9592
9594
9595
9596
9597
9599
9600
9601
9602
9605
9606
9608
9609
9611
9612
9613
9614
9616
9620
9623
9624
9626
9628
9631
9633
9634
9635
9636
9637
9638
9639
9640
9643
9644
9645
9646
9647
9648
9649
9650
9651
9652
9653
9654
9655
9656
9658
9659
9660
9661
9662
9663
9666
9667
9668
9669
9670
9671
9672
9673
9674
9677
9678
9679
9681
9682
9683
9684
9686
9687
9690
9691
9692
9694
9696
9698
9700
9702
9703
9704
9706
9708
9709
9710
9712
9714
9715
9716
9719
9721
9722
9723
9725
9727
9728
9729
9731
9732
9735
9736
9737
9738
9739
9740
9741
9742
9743
9746
9747
9748
9752
9754
9755
9756
9758
9759
9760
9761
9762
9763
9766
9767
9768
9769
9771
9773
9774
9776
9777
9780
9781
9782
9783
9785
9786
9787
9788
9790
9791
9792
9796
9797
9799
9801
9802
9803
9805
9807
9810
9811
9812
9814
9815
9816
9817
9818
9819
9822
9825
9826
9827
9828
9829
9831
9832
9834
9835
9838
9841
9843
9844
9849
9851
9854
9858
9859
9862
9863
9864
9865
9866
9867
9868
9872
9873
9876
9877
9878
9879
9880
9881
9882
9883
9884
9885
9886
9888
9889
9891
9892
9894
9895
9896
9897
9900
9901
9902
9903
9904
9905
9906
9907
9911
9913
9914
9915
9917
9918
9921
9922
9923
9924
9925
9926
9928
9931
9932
9933
9936
9937
9938
9939
9940
9945
9946
9947
9948
9949
9950
9953
9954
9955
9957
9958
9960
9963
9964
9965
9966
9967
